{
 "cells": [
  {
   "cell_type": "code",
   "execution_count": 1,
   "metadata": {
    "collapsed": true
   },
   "outputs": [],
   "source": [
    "import pandas as pd\n",
    "import numpy as np"
   ]
  },
  {
   "cell_type": "code",
   "execution_count": 32,
   "metadata": {
    "collapsed": false
   },
   "outputs": [],
   "source": [
    "df = pd.read_stata('bitbootcamp/BetaSortedPortfolios.dta')"
   ]
  },
  {
   "cell_type": "code",
   "execution_count": 3,
   "metadata": {
    "collapsed": false
   },
   "outputs": [
    {
     "data": {
      "text/html": [
       "<div>\n",
       "<table border=\"1\" class=\"dataframe\">\n",
       "  <thead>\n",
       "    <tr style=\"text-align: right;\">\n",
       "      <th></th>\n",
       "      <th>month</th>\n",
       "      <th>dec1</th>\n",
       "      <th>dec2</th>\n",
       "      <th>dec3</th>\n",
       "      <th>dec4</th>\n",
       "      <th>dec5</th>\n",
       "      <th>dec6</th>\n",
       "      <th>dec7</th>\n",
       "      <th>dec8</th>\n",
       "      <th>dec9</th>\n",
       "      <th>dec10</th>\n",
       "      <th>mktrf</th>\n",
       "      <th>rf</th>\n",
       "      <th>mkt</th>\n",
       "    </tr>\n",
       "  </thead>\n",
       "  <tbody>\n",
       "    <tr>\n",
       "      <th>0</th>\n",
       "      <td>1963m07</td>\n",
       "      <td>1.35</td>\n",
       "      <td>0.77</td>\n",
       "      <td>0.08</td>\n",
       "      <td>-0.28</td>\n",
       "      <td>-0.59</td>\n",
       "      <td>-1.20</td>\n",
       "      <td>-0.45</td>\n",
       "      <td>-1.44</td>\n",
       "      <td>-1.88</td>\n",
       "      <td>-0.80</td>\n",
       "      <td>-0.39</td>\n",
       "      <td>0.27</td>\n",
       "      <td>-0.12</td>\n",
       "    </tr>\n",
       "    <tr>\n",
       "      <th>1</th>\n",
       "      <td>1963m08</td>\n",
       "      <td>3.52</td>\n",
       "      <td>3.89</td>\n",
       "      <td>4.29</td>\n",
       "      <td>5.26</td>\n",
       "      <td>5.19</td>\n",
       "      <td>7.55</td>\n",
       "      <td>7.48</td>\n",
       "      <td>4.99</td>\n",
       "      <td>9.12</td>\n",
       "      <td>10.39</td>\n",
       "      <td>5.07</td>\n",
       "      <td>0.25</td>\n",
       "      <td>5.32</td>\n",
       "    </tr>\n",
       "    <tr>\n",
       "      <th>2</th>\n",
       "      <td>1963m09</td>\n",
       "      <td>-3.09</td>\n",
       "      <td>-2.24</td>\n",
       "      <td>-0.54</td>\n",
       "      <td>-0.98</td>\n",
       "      <td>-1.33</td>\n",
       "      <td>-0.27</td>\n",
       "      <td>-0.63</td>\n",
       "      <td>-0.99</td>\n",
       "      <td>-1.90</td>\n",
       "      <td>-3.71</td>\n",
       "      <td>-1.57</td>\n",
       "      <td>0.27</td>\n",
       "      <td>-1.30</td>\n",
       "    </tr>\n",
       "    <tr>\n",
       "      <th>3</th>\n",
       "      <td>1963m10</td>\n",
       "      <td>1.25</td>\n",
       "      <td>-0.12</td>\n",
       "      <td>2.00</td>\n",
       "      <td>5.13</td>\n",
       "      <td>2.34</td>\n",
       "      <td>1.78</td>\n",
       "      <td>6.57</td>\n",
       "      <td>4.84</td>\n",
       "      <td>3.08</td>\n",
       "      <td>3.04</td>\n",
       "      <td>2.53</td>\n",
       "      <td>0.29</td>\n",
       "      <td>2.82</td>\n",
       "    </tr>\n",
       "    <tr>\n",
       "      <th>4</th>\n",
       "      <td>1963m11</td>\n",
       "      <td>-0.91</td>\n",
       "      <td>-0.15</td>\n",
       "      <td>1.60</td>\n",
       "      <td>-2.03</td>\n",
       "      <td>-1.00</td>\n",
       "      <td>-0.69</td>\n",
       "      <td>-1.30</td>\n",
       "      <td>-0.53</td>\n",
       "      <td>-0.21</td>\n",
       "      <td>0.51</td>\n",
       "      <td>-0.85</td>\n",
       "      <td>0.27</td>\n",
       "      <td>-0.58</td>\n",
       "    </tr>\n",
       "    <tr>\n",
       "      <th>5</th>\n",
       "      <td>1963m12</td>\n",
       "      <td>3.86</td>\n",
       "      <td>0.63</td>\n",
       "      <td>2.31</td>\n",
       "      <td>1.84</td>\n",
       "      <td>2.95</td>\n",
       "      <td>2.36</td>\n",
       "      <td>1.27</td>\n",
       "      <td>3.39</td>\n",
       "      <td>0.37</td>\n",
       "      <td>1.26</td>\n",
       "      <td>1.83</td>\n",
       "      <td>0.29</td>\n",
       "      <td>2.12</td>\n",
       "    </tr>\n",
       "    <tr>\n",
       "      <th>6</th>\n",
       "      <td>1964m01</td>\n",
       "      <td>3.74</td>\n",
       "      <td>1.41</td>\n",
       "      <td>2.74</td>\n",
       "      <td>2.79</td>\n",
       "      <td>1.71</td>\n",
       "      <td>2.95</td>\n",
       "      <td>2.96</td>\n",
       "      <td>4.27</td>\n",
       "      <td>2.08</td>\n",
       "      <td>0.96</td>\n",
       "      <td>2.24</td>\n",
       "      <td>0.30</td>\n",
       "      <td>2.54</td>\n",
       "    </tr>\n",
       "    <tr>\n",
       "      <th>7</th>\n",
       "      <td>1964m02</td>\n",
       "      <td>1.08</td>\n",
       "      <td>1.72</td>\n",
       "      <td>0.62</td>\n",
       "      <td>2.09</td>\n",
       "      <td>2.48</td>\n",
       "      <td>1.66</td>\n",
       "      <td>1.70</td>\n",
       "      <td>3.83</td>\n",
       "      <td>2.53</td>\n",
       "      <td>3.82</td>\n",
       "      <td>1.54</td>\n",
       "      <td>0.26</td>\n",
       "      <td>1.80</td>\n",
       "    </tr>\n",
       "    <tr>\n",
       "      <th>8</th>\n",
       "      <td>1964m03</td>\n",
       "      <td>1.05</td>\n",
       "      <td>0.76</td>\n",
       "      <td>0.05</td>\n",
       "      <td>1.12</td>\n",
       "      <td>3.07</td>\n",
       "      <td>1.69</td>\n",
       "      <td>2.38</td>\n",
       "      <td>3.78</td>\n",
       "      <td>5.99</td>\n",
       "      <td>6.06</td>\n",
       "      <td>1.41</td>\n",
       "      <td>0.31</td>\n",
       "      <td>1.72</td>\n",
       "    </tr>\n",
       "    <tr>\n",
       "      <th>9</th>\n",
       "      <td>1964m04</td>\n",
       "      <td>2.65</td>\n",
       "      <td>1.81</td>\n",
       "      <td>1.57</td>\n",
       "      <td>1.39</td>\n",
       "      <td>-0.85</td>\n",
       "      <td>0.07</td>\n",
       "      <td>-2.24</td>\n",
       "      <td>-2.70</td>\n",
       "      <td>-1.73</td>\n",
       "      <td>-4.93</td>\n",
       "      <td>0.10</td>\n",
       "      <td>0.29</td>\n",
       "      <td>0.39</td>\n",
       "    </tr>\n",
       "  </tbody>\n",
       "</table>\n",
       "</div>"
      ],
      "text/plain": [
       "     month  dec1  dec2  dec3  dec4  dec5  dec6  dec7  dec8  dec9  dec10  \\\n",
       "0  1963m07  1.35  0.77  0.08 -0.28 -0.59 -1.20 -0.45 -1.44 -1.88  -0.80   \n",
       "1  1963m08  3.52  3.89  4.29  5.26  5.19  7.55  7.48  4.99  9.12  10.39   \n",
       "2  1963m09 -3.09 -2.24 -0.54 -0.98 -1.33 -0.27 -0.63 -0.99 -1.90  -3.71   \n",
       "3  1963m10  1.25 -0.12  2.00  5.13  2.34  1.78  6.57  4.84  3.08   3.04   \n",
       "4  1963m11 -0.91 -0.15  1.60 -2.03 -1.00 -0.69 -1.30 -0.53 -0.21   0.51   \n",
       "5  1963m12  3.86  0.63  2.31  1.84  2.95  2.36  1.27  3.39  0.37   1.26   \n",
       "6  1964m01  3.74  1.41  2.74  2.79  1.71  2.95  2.96  4.27  2.08   0.96   \n",
       "7  1964m02  1.08  1.72  0.62  2.09  2.48  1.66  1.70  3.83  2.53   3.82   \n",
       "8  1964m03  1.05  0.76  0.05  1.12  3.07  1.69  2.38  3.78  5.99   6.06   \n",
       "9  1964m04  2.65  1.81  1.57  1.39 -0.85  0.07 -2.24 -2.70 -1.73  -4.93   \n",
       "\n",
       "   mktrf    rf   mkt  \n",
       "0  -0.39  0.27 -0.12  \n",
       "1   5.07  0.25  5.32  \n",
       "2  -1.57  0.27 -1.30  \n",
       "3   2.53  0.29  2.82  \n",
       "4  -0.85  0.27 -0.58  \n",
       "5   1.83  0.29  2.12  \n",
       "6   2.24  0.30  2.54  \n",
       "7   1.54  0.26  1.80  \n",
       "8   1.41  0.31  1.72  \n",
       "9   0.10  0.29  0.39  "
      ]
     },
     "execution_count": 3,
     "metadata": {},
     "output_type": "execute_result"
    }
   ],
   "source": [
    "df.head(10)"
   ]
  },
  {
   "cell_type": "code",
   "execution_count": 4,
   "metadata": {
    "collapsed": false
   },
   "outputs": [
    {
     "data": {
      "text/html": [
       "<div>\n",
       "<table border=\"1\" class=\"dataframe\">\n",
       "  <thead>\n",
       "    <tr style=\"text-align: right;\">\n",
       "      <th></th>\n",
       "      <th>dec1</th>\n",
       "      <th>dec2</th>\n",
       "      <th>dec3</th>\n",
       "      <th>dec4</th>\n",
       "      <th>dec5</th>\n",
       "      <th>dec6</th>\n",
       "      <th>dec7</th>\n",
       "      <th>dec8</th>\n",
       "      <th>dec9</th>\n",
       "      <th>dec10</th>\n",
       "      <th>mktrf</th>\n",
       "      <th>rf</th>\n",
       "      <th>mkt</th>\n",
       "    </tr>\n",
       "  </thead>\n",
       "  <tbody>\n",
       "    <tr>\n",
       "      <th>count</th>\n",
       "      <td>640.000000</td>\n",
       "      <td>640.000000</td>\n",
       "      <td>640.000000</td>\n",
       "      <td>640.000000</td>\n",
       "      <td>640.000000</td>\n",
       "      <td>640.000000</td>\n",
       "      <td>640.000000</td>\n",
       "      <td>640.000000</td>\n",
       "      <td>640.000000</td>\n",
       "      <td>640.000000</td>\n",
       "      <td>640.000000</td>\n",
       "      <td>640.000000</td>\n",
       "      <td>640.000000</td>\n",
       "    </tr>\n",
       "    <tr>\n",
       "      <th>mean</th>\n",
       "      <td>0.931672</td>\n",
       "      <td>0.887812</td>\n",
       "      <td>0.953828</td>\n",
       "      <td>1.032282</td>\n",
       "      <td>0.913406</td>\n",
       "      <td>0.996515</td>\n",
       "      <td>0.883344</td>\n",
       "      <td>1.021812</td>\n",
       "      <td>0.994297</td>\n",
       "      <td>0.982860</td>\n",
       "      <td>0.501406</td>\n",
       "      <td>0.393515</td>\n",
       "      <td>0.894922</td>\n",
       "    </tr>\n",
       "    <tr>\n",
       "      <th>std</th>\n",
       "      <td>3.459633</td>\n",
       "      <td>3.803136</td>\n",
       "      <td>4.052993</td>\n",
       "      <td>4.580554</td>\n",
       "      <td>4.737556</td>\n",
       "      <td>5.054574</td>\n",
       "      <td>5.410477</td>\n",
       "      <td>5.995303</td>\n",
       "      <td>6.642066</td>\n",
       "      <td>7.879422</td>\n",
       "      <td>4.427111</td>\n",
       "      <td>0.263740</td>\n",
       "      <td>4.414528</td>\n",
       "    </tr>\n",
       "    <tr>\n",
       "      <th>min</th>\n",
       "      <td>-13.050000</td>\n",
       "      <td>-15.120000</td>\n",
       "      <td>-20.320000</td>\n",
       "      <td>-23.990000</td>\n",
       "      <td>-24.360001</td>\n",
       "      <td>-24.770000</td>\n",
       "      <td>-27.160000</td>\n",
       "      <td>-26.260000</td>\n",
       "      <td>-29.690001</td>\n",
       "      <td>-33.130001</td>\n",
       "      <td>-23.240000</td>\n",
       "      <td>0.000000</td>\n",
       "      <td>-22.639999</td>\n",
       "    </tr>\n",
       "    <tr>\n",
       "      <th>25%</th>\n",
       "      <td>-0.895000</td>\n",
       "      <td>-1.162500</td>\n",
       "      <td>-1.310000</td>\n",
       "      <td>-1.585000</td>\n",
       "      <td>-1.912500</td>\n",
       "      <td>-1.852500</td>\n",
       "      <td>-2.240000</td>\n",
       "      <td>-2.460000</td>\n",
       "      <td>-2.950000</td>\n",
       "      <td>-3.972500</td>\n",
       "      <td>-1.982500</td>\n",
       "      <td>0.240000</td>\n",
       "      <td>-1.727500</td>\n",
       "    </tr>\n",
       "    <tr>\n",
       "      <th>50%</th>\n",
       "      <td>1.135000</td>\n",
       "      <td>0.945000</td>\n",
       "      <td>0.965000</td>\n",
       "      <td>1.085000</td>\n",
       "      <td>1.155000</td>\n",
       "      <td>1.230000</td>\n",
       "      <td>1.270000</td>\n",
       "      <td>1.135000</td>\n",
       "      <td>1.325000</td>\n",
       "      <td>1.025000</td>\n",
       "      <td>0.785000</td>\n",
       "      <td>0.400000</td>\n",
       "      <td>1.215000</td>\n",
       "    </tr>\n",
       "    <tr>\n",
       "      <th>75%</th>\n",
       "      <td>3.005000</td>\n",
       "      <td>3.040000</td>\n",
       "      <td>3.515000</td>\n",
       "      <td>3.972500</td>\n",
       "      <td>3.750000</td>\n",
       "      <td>3.972500</td>\n",
       "      <td>4.290000</td>\n",
       "      <td>4.970000</td>\n",
       "      <td>5.530000</td>\n",
       "      <td>6.052500</td>\n",
       "      <td>3.407500</td>\n",
       "      <td>0.530000</td>\n",
       "      <td>3.827500</td>\n",
       "    </tr>\n",
       "    <tr>\n",
       "      <th>max</th>\n",
       "      <td>18.660000</td>\n",
       "      <td>18.709999</td>\n",
       "      <td>15.460000</td>\n",
       "      <td>18.790001</td>\n",
       "      <td>18.240000</td>\n",
       "      <td>20.080000</td>\n",
       "      <td>18.260000</td>\n",
       "      <td>26.650000</td>\n",
       "      <td>31.830000</td>\n",
       "      <td>33.599998</td>\n",
       "      <td>16.100000</td>\n",
       "      <td>1.350000</td>\n",
       "      <td>16.610001</td>\n",
       "    </tr>\n",
       "  </tbody>\n",
       "</table>\n",
       "</div>"
      ],
      "text/plain": [
       "             dec1        dec2        dec3        dec4        dec5        dec6  \\\n",
       "count  640.000000  640.000000  640.000000  640.000000  640.000000  640.000000   \n",
       "mean     0.931672    0.887812    0.953828    1.032282    0.913406    0.996515   \n",
       "std      3.459633    3.803136    4.052993    4.580554    4.737556    5.054574   \n",
       "min    -13.050000  -15.120000  -20.320000  -23.990000  -24.360001  -24.770000   \n",
       "25%     -0.895000   -1.162500   -1.310000   -1.585000   -1.912500   -1.852500   \n",
       "50%      1.135000    0.945000    0.965000    1.085000    1.155000    1.230000   \n",
       "75%      3.005000    3.040000    3.515000    3.972500    3.750000    3.972500   \n",
       "max     18.660000   18.709999   15.460000   18.790001   18.240000   20.080000   \n",
       "\n",
       "             dec7        dec8        dec9       dec10       mktrf          rf  \\\n",
       "count  640.000000  640.000000  640.000000  640.000000  640.000000  640.000000   \n",
       "mean     0.883344    1.021812    0.994297    0.982860    0.501406    0.393515   \n",
       "std      5.410477    5.995303    6.642066    7.879422    4.427111    0.263740   \n",
       "min    -27.160000  -26.260000  -29.690001  -33.130001  -23.240000    0.000000   \n",
       "25%     -2.240000   -2.460000   -2.950000   -3.972500   -1.982500    0.240000   \n",
       "50%      1.270000    1.135000    1.325000    1.025000    0.785000    0.400000   \n",
       "75%      4.290000    4.970000    5.530000    6.052500    3.407500    0.530000   \n",
       "max     18.260000   26.650000   31.830000   33.599998   16.100000    1.350000   \n",
       "\n",
       "              mkt  \n",
       "count  640.000000  \n",
       "mean     0.894922  \n",
       "std      4.414528  \n",
       "min    -22.639999  \n",
       "25%     -1.727500  \n",
       "50%      1.215000  \n",
       "75%      3.827500  \n",
       "max     16.610001  "
      ]
     },
     "execution_count": 4,
     "metadata": {},
     "output_type": "execute_result"
    }
   ],
   "source": [
    "df.describe()"
   ]
  },
  {
   "cell_type": "code",
   "execution_count": 5,
   "metadata": {
    "collapsed": false
   },
   "outputs": [
    {
     "data": {
      "text/html": [
       "<div>\n",
       "<table border=\"1\" class=\"dataframe\">\n",
       "  <thead>\n",
       "    <tr style=\"text-align: right;\">\n",
       "      <th></th>\n",
       "      <th>dec1</th>\n",
       "      <th>dec2</th>\n",
       "      <th>dec3</th>\n",
       "      <th>dec4</th>\n",
       "      <th>dec5</th>\n",
       "      <th>dec6</th>\n",
       "      <th>dec7</th>\n",
       "      <th>dec8</th>\n",
       "      <th>dec9</th>\n",
       "      <th>dec10</th>\n",
       "      <th>mktrf</th>\n",
       "      <th>rf</th>\n",
       "      <th>mkt</th>\n",
       "    </tr>\n",
       "  </thead>\n",
       "  <tbody>\n",
       "    <tr>\n",
       "      <th>dec1</th>\n",
       "      <td>1.000000</td>\n",
       "      <td>0.863548</td>\n",
       "      <td>0.797197</td>\n",
       "      <td>0.743227</td>\n",
       "      <td>0.733293</td>\n",
       "      <td>0.714148</td>\n",
       "      <td>0.690902</td>\n",
       "      <td>0.648672</td>\n",
       "      <td>0.610570</td>\n",
       "      <td>0.572514</td>\n",
       "      <td>0.782622</td>\n",
       "      <td>0.041105</td>\n",
       "      <td>0.787308</td>\n",
       "    </tr>\n",
       "    <tr>\n",
       "      <th>dec2</th>\n",
       "      <td>0.863548</td>\n",
       "      <td>1.000000</td>\n",
       "      <td>0.899375</td>\n",
       "      <td>0.833527</td>\n",
       "      <td>0.830682</td>\n",
       "      <td>0.811542</td>\n",
       "      <td>0.772332</td>\n",
       "      <td>0.735696</td>\n",
       "      <td>0.694586</td>\n",
       "      <td>0.652839</td>\n",
       "      <td>0.851711</td>\n",
       "      <td>0.028652</td>\n",
       "      <td>0.855850</td>\n",
       "    </tr>\n",
       "    <tr>\n",
       "      <th>dec3</th>\n",
       "      <td>0.797197</td>\n",
       "      <td>0.899375</td>\n",
       "      <td>1.000000</td>\n",
       "      <td>0.881899</td>\n",
       "      <td>0.889676</td>\n",
       "      <td>0.865185</td>\n",
       "      <td>0.851908</td>\n",
       "      <td>0.819652</td>\n",
       "      <td>0.782041</td>\n",
       "      <td>0.745035</td>\n",
       "      <td>0.906195</td>\n",
       "      <td>-0.009236</td>\n",
       "      <td>0.908226</td>\n",
       "    </tr>\n",
       "    <tr>\n",
       "      <th>dec4</th>\n",
       "      <td>0.743227</td>\n",
       "      <td>0.833527</td>\n",
       "      <td>0.881899</td>\n",
       "      <td>1.000000</td>\n",
       "      <td>0.905450</td>\n",
       "      <td>0.904247</td>\n",
       "      <td>0.891897</td>\n",
       "      <td>0.869005</td>\n",
       "      <td>0.839010</td>\n",
       "      <td>0.806914</td>\n",
       "      <td>0.936347</td>\n",
       "      <td>-0.018256</td>\n",
       "      <td>0.937925</td>\n",
       "    </tr>\n",
       "    <tr>\n",
       "      <th>dec5</th>\n",
       "      <td>0.733293</td>\n",
       "      <td>0.830682</td>\n",
       "      <td>0.889676</td>\n",
       "      <td>0.905450</td>\n",
       "      <td>1.000000</td>\n",
       "      <td>0.927399</td>\n",
       "      <td>0.926907</td>\n",
       "      <td>0.899906</td>\n",
       "      <td>0.882053</td>\n",
       "      <td>0.843861</td>\n",
       "      <td>0.945369</td>\n",
       "      <td>-0.014723</td>\n",
       "      <td>0.947184</td>\n",
       "    </tr>\n",
       "    <tr>\n",
       "      <th>dec6</th>\n",
       "      <td>0.714148</td>\n",
       "      <td>0.811542</td>\n",
       "      <td>0.865185</td>\n",
       "      <td>0.904247</td>\n",
       "      <td>0.927399</td>\n",
       "      <td>1.000000</td>\n",
       "      <td>0.931714</td>\n",
       "      <td>0.913946</td>\n",
       "      <td>0.895903</td>\n",
       "      <td>0.871384</td>\n",
       "      <td>0.945688</td>\n",
       "      <td>-0.024763</td>\n",
       "      <td>0.946904</td>\n",
       "    </tr>\n",
       "    <tr>\n",
       "      <th>dec7</th>\n",
       "      <td>0.690902</td>\n",
       "      <td>0.772332</td>\n",
       "      <td>0.851908</td>\n",
       "      <td>0.891897</td>\n",
       "      <td>0.926907</td>\n",
       "      <td>0.931714</td>\n",
       "      <td>1.000000</td>\n",
       "      <td>0.925356</td>\n",
       "      <td>0.914376</td>\n",
       "      <td>0.894063</td>\n",
       "      <td>0.943275</td>\n",
       "      <td>-0.035801</td>\n",
       "      <td>0.943825</td>\n",
       "    </tr>\n",
       "    <tr>\n",
       "      <th>dec8</th>\n",
       "      <td>0.648672</td>\n",
       "      <td>0.735696</td>\n",
       "      <td>0.819652</td>\n",
       "      <td>0.869005</td>\n",
       "      <td>0.899906</td>\n",
       "      <td>0.913946</td>\n",
       "      <td>0.925356</td>\n",
       "      <td>1.000000</td>\n",
       "      <td>0.943179</td>\n",
       "      <td>0.935495</td>\n",
       "      <td>0.938283</td>\n",
       "      <td>-0.030748</td>\n",
       "      <td>0.939120</td>\n",
       "    </tr>\n",
       "    <tr>\n",
       "      <th>dec9</th>\n",
       "      <td>0.610570</td>\n",
       "      <td>0.694586</td>\n",
       "      <td>0.782041</td>\n",
       "      <td>0.839010</td>\n",
       "      <td>0.882053</td>\n",
       "      <td>0.895903</td>\n",
       "      <td>0.914376</td>\n",
       "      <td>0.943179</td>\n",
       "      <td>1.000000</td>\n",
       "      <td>0.955364</td>\n",
       "      <td>0.923227</td>\n",
       "      <td>-0.029120</td>\n",
       "      <td>0.924118</td>\n",
       "    </tr>\n",
       "    <tr>\n",
       "      <th>dec10</th>\n",
       "      <td>0.572514</td>\n",
       "      <td>0.652839</td>\n",
       "      <td>0.745035</td>\n",
       "      <td>0.806914</td>\n",
       "      <td>0.843861</td>\n",
       "      <td>0.871384</td>\n",
       "      <td>0.894063</td>\n",
       "      <td>0.935495</td>\n",
       "      <td>0.955364</td>\n",
       "      <td>1.000000</td>\n",
       "      <td>0.901752</td>\n",
       "      <td>-0.041571</td>\n",
       "      <td>0.901839</td>\n",
       "    </tr>\n",
       "    <tr>\n",
       "      <th>mktrf</th>\n",
       "      <td>0.782622</td>\n",
       "      <td>0.851711</td>\n",
       "      <td>0.906195</td>\n",
       "      <td>0.936347</td>\n",
       "      <td>0.945369</td>\n",
       "      <td>0.945688</td>\n",
       "      <td>0.943275</td>\n",
       "      <td>0.938283</td>\n",
       "      <td>0.923227</td>\n",
       "      <td>0.901752</td>\n",
       "      <td>1.000000</td>\n",
       "      <td>-0.077425</td>\n",
       "      <td>0.998224</td>\n",
       "    </tr>\n",
       "    <tr>\n",
       "      <th>rf</th>\n",
       "      <td>0.041105</td>\n",
       "      <td>0.028652</td>\n",
       "      <td>-0.009236</td>\n",
       "      <td>-0.018256</td>\n",
       "      <td>-0.014723</td>\n",
       "      <td>-0.024763</td>\n",
       "      <td>-0.035801</td>\n",
       "      <td>-0.030748</td>\n",
       "      <td>-0.029120</td>\n",
       "      <td>-0.041571</td>\n",
       "      <td>-0.077425</td>\n",
       "      <td>1.000000</td>\n",
       "      <td>-0.017902</td>\n",
       "    </tr>\n",
       "    <tr>\n",
       "      <th>mkt</th>\n",
       "      <td>0.787308</td>\n",
       "      <td>0.855850</td>\n",
       "      <td>0.908226</td>\n",
       "      <td>0.937925</td>\n",
       "      <td>0.947184</td>\n",
       "      <td>0.946904</td>\n",
       "      <td>0.943825</td>\n",
       "      <td>0.939120</td>\n",
       "      <td>0.924118</td>\n",
       "      <td>0.901839</td>\n",
       "      <td>0.998224</td>\n",
       "      <td>-0.017902</td>\n",
       "      <td>1.000000</td>\n",
       "    </tr>\n",
       "  </tbody>\n",
       "</table>\n",
       "</div>"
      ],
      "text/plain": [
       "           dec1      dec2      dec3      dec4      dec5      dec6      dec7  \\\n",
       "dec1   1.000000  0.863548  0.797197  0.743227  0.733293  0.714148  0.690902   \n",
       "dec2   0.863548  1.000000  0.899375  0.833527  0.830682  0.811542  0.772332   \n",
       "dec3   0.797197  0.899375  1.000000  0.881899  0.889676  0.865185  0.851908   \n",
       "dec4   0.743227  0.833527  0.881899  1.000000  0.905450  0.904247  0.891897   \n",
       "dec5   0.733293  0.830682  0.889676  0.905450  1.000000  0.927399  0.926907   \n",
       "dec6   0.714148  0.811542  0.865185  0.904247  0.927399  1.000000  0.931714   \n",
       "dec7   0.690902  0.772332  0.851908  0.891897  0.926907  0.931714  1.000000   \n",
       "dec8   0.648672  0.735696  0.819652  0.869005  0.899906  0.913946  0.925356   \n",
       "dec9   0.610570  0.694586  0.782041  0.839010  0.882053  0.895903  0.914376   \n",
       "dec10  0.572514  0.652839  0.745035  0.806914  0.843861  0.871384  0.894063   \n",
       "mktrf  0.782622  0.851711  0.906195  0.936347  0.945369  0.945688  0.943275   \n",
       "rf     0.041105  0.028652 -0.009236 -0.018256 -0.014723 -0.024763 -0.035801   \n",
       "mkt    0.787308  0.855850  0.908226  0.937925  0.947184  0.946904  0.943825   \n",
       "\n",
       "           dec8      dec9     dec10     mktrf        rf       mkt  \n",
       "dec1   0.648672  0.610570  0.572514  0.782622  0.041105  0.787308  \n",
       "dec2   0.735696  0.694586  0.652839  0.851711  0.028652  0.855850  \n",
       "dec3   0.819652  0.782041  0.745035  0.906195 -0.009236  0.908226  \n",
       "dec4   0.869005  0.839010  0.806914  0.936347 -0.018256  0.937925  \n",
       "dec5   0.899906  0.882053  0.843861  0.945369 -0.014723  0.947184  \n",
       "dec6   0.913946  0.895903  0.871384  0.945688 -0.024763  0.946904  \n",
       "dec7   0.925356  0.914376  0.894063  0.943275 -0.035801  0.943825  \n",
       "dec8   1.000000  0.943179  0.935495  0.938283 -0.030748  0.939120  \n",
       "dec9   0.943179  1.000000  0.955364  0.923227 -0.029120  0.924118  \n",
       "dec10  0.935495  0.955364  1.000000  0.901752 -0.041571  0.901839  \n",
       "mktrf  0.938283  0.923227  0.901752  1.000000 -0.077425  0.998224  \n",
       "rf    -0.030748 -0.029120 -0.041571 -0.077425  1.000000 -0.017902  \n",
       "mkt    0.939120  0.924118  0.901839  0.998224 -0.017902  1.000000  "
      ]
     },
     "execution_count": 5,
     "metadata": {},
     "output_type": "execute_result"
    }
   ],
   "source": [
    "df.corr()"
   ]
  },
  {
   "cell_type": "code",
   "execution_count": 6,
   "metadata": {
    "collapsed": true
   },
   "outputs": [],
   "source": [
    "df2 = df.corr()"
   ]
  },
  {
   "cell_type": "code",
   "execution_count": 7,
   "metadata": {
    "collapsed": false
   },
   "outputs": [],
   "source": [
    "del df2['rf']\n",
    "del df2['mktrf']"
   ]
  },
  {
   "cell_type": "code",
   "execution_count": 8,
   "metadata": {
    "collapsed": false
   },
   "outputs": [],
   "source": [
    "df2 = df2.drop('mktrf')\n",
    "df2 = df2.drop('rf')"
   ]
  },
  {
   "cell_type": "code",
   "execution_count": 9,
   "metadata": {
    "collapsed": true
   },
   "outputs": [],
   "source": [
    "df2.to_csv('bitbootcamp/temp.csv')"
   ]
  },
  {
   "cell_type": "code",
   "execution_count": 10,
   "metadata": {
    "collapsed": true
   },
   "outputs": [],
   "source": [
    "df3 = df.describe().transpose()"
   ]
  },
  {
   "cell_type": "code",
   "execution_count": 11,
   "metadata": {
    "collapsed": false
   },
   "outputs": [],
   "source": [
    "df3 = df3[['mean','std']]"
   ]
  },
  {
   "cell_type": "code",
   "execution_count": 12,
   "metadata": {
    "collapsed": false
   },
   "outputs": [],
   "source": [
    "df3.to_csv('bitbootcamp/temp2.csv')"
   ]
  },
  {
   "cell_type": "markdown",
   "metadata": {
    "collapsed": true
   },
   "source": [
    "## "
   ]
  },
  {
   "cell_type": "code",
   "execution_count": 13,
   "metadata": {
    "collapsed": false
   },
   "outputs": [
    {
     "data": {
      "text/html": [
       "<div>\n",
       "<table border=\"1\" class=\"dataframe\">\n",
       "  <thead>\n",
       "    <tr style=\"text-align: right;\">\n",
       "      <th></th>\n",
       "      <th>dec1</th>\n",
       "      <th>dec2</th>\n",
       "      <th>dec3</th>\n",
       "      <th>dec4</th>\n",
       "      <th>dec5</th>\n",
       "      <th>dec6</th>\n",
       "      <th>dec7</th>\n",
       "      <th>dec8</th>\n",
       "      <th>dec9</th>\n",
       "      <th>dec10</th>\n",
       "      <th>mkt</th>\n",
       "    </tr>\n",
       "  </thead>\n",
       "  <tbody>\n",
       "    <tr>\n",
       "      <th>dec1</th>\n",
       "      <td>1.000000</td>\n",
       "      <td>0.863548</td>\n",
       "      <td>0.797197</td>\n",
       "      <td>0.743227</td>\n",
       "      <td>0.733293</td>\n",
       "      <td>0.714148</td>\n",
       "      <td>0.690902</td>\n",
       "      <td>0.648672</td>\n",
       "      <td>0.610570</td>\n",
       "      <td>0.572514</td>\n",
       "      <td>0.787308</td>\n",
       "    </tr>\n",
       "    <tr>\n",
       "      <th>dec2</th>\n",
       "      <td>0.863548</td>\n",
       "      <td>1.000000</td>\n",
       "      <td>0.899375</td>\n",
       "      <td>0.833527</td>\n",
       "      <td>0.830682</td>\n",
       "      <td>0.811542</td>\n",
       "      <td>0.772332</td>\n",
       "      <td>0.735696</td>\n",
       "      <td>0.694586</td>\n",
       "      <td>0.652839</td>\n",
       "      <td>0.855850</td>\n",
       "    </tr>\n",
       "    <tr>\n",
       "      <th>dec3</th>\n",
       "      <td>0.797197</td>\n",
       "      <td>0.899375</td>\n",
       "      <td>1.000000</td>\n",
       "      <td>0.881899</td>\n",
       "      <td>0.889676</td>\n",
       "      <td>0.865185</td>\n",
       "      <td>0.851908</td>\n",
       "      <td>0.819652</td>\n",
       "      <td>0.782041</td>\n",
       "      <td>0.745035</td>\n",
       "      <td>0.908226</td>\n",
       "    </tr>\n",
       "    <tr>\n",
       "      <th>dec4</th>\n",
       "      <td>0.743227</td>\n",
       "      <td>0.833527</td>\n",
       "      <td>0.881899</td>\n",
       "      <td>1.000000</td>\n",
       "      <td>0.905450</td>\n",
       "      <td>0.904247</td>\n",
       "      <td>0.891897</td>\n",
       "      <td>0.869005</td>\n",
       "      <td>0.839010</td>\n",
       "      <td>0.806914</td>\n",
       "      <td>0.937925</td>\n",
       "    </tr>\n",
       "    <tr>\n",
       "      <th>dec5</th>\n",
       "      <td>0.733293</td>\n",
       "      <td>0.830682</td>\n",
       "      <td>0.889676</td>\n",
       "      <td>0.905450</td>\n",
       "      <td>1.000000</td>\n",
       "      <td>0.927399</td>\n",
       "      <td>0.926907</td>\n",
       "      <td>0.899906</td>\n",
       "      <td>0.882053</td>\n",
       "      <td>0.843861</td>\n",
       "      <td>0.947184</td>\n",
       "    </tr>\n",
       "    <tr>\n",
       "      <th>dec6</th>\n",
       "      <td>0.714148</td>\n",
       "      <td>0.811542</td>\n",
       "      <td>0.865185</td>\n",
       "      <td>0.904247</td>\n",
       "      <td>0.927399</td>\n",
       "      <td>1.000000</td>\n",
       "      <td>0.931714</td>\n",
       "      <td>0.913946</td>\n",
       "      <td>0.895903</td>\n",
       "      <td>0.871384</td>\n",
       "      <td>0.946904</td>\n",
       "    </tr>\n",
       "    <tr>\n",
       "      <th>dec7</th>\n",
       "      <td>0.690902</td>\n",
       "      <td>0.772332</td>\n",
       "      <td>0.851908</td>\n",
       "      <td>0.891897</td>\n",
       "      <td>0.926907</td>\n",
       "      <td>0.931714</td>\n",
       "      <td>1.000000</td>\n",
       "      <td>0.925356</td>\n",
       "      <td>0.914376</td>\n",
       "      <td>0.894063</td>\n",
       "      <td>0.943825</td>\n",
       "    </tr>\n",
       "    <tr>\n",
       "      <th>dec8</th>\n",
       "      <td>0.648672</td>\n",
       "      <td>0.735696</td>\n",
       "      <td>0.819652</td>\n",
       "      <td>0.869005</td>\n",
       "      <td>0.899906</td>\n",
       "      <td>0.913946</td>\n",
       "      <td>0.925356</td>\n",
       "      <td>1.000000</td>\n",
       "      <td>0.943179</td>\n",
       "      <td>0.935495</td>\n",
       "      <td>0.939120</td>\n",
       "    </tr>\n",
       "    <tr>\n",
       "      <th>dec9</th>\n",
       "      <td>0.610570</td>\n",
       "      <td>0.694586</td>\n",
       "      <td>0.782041</td>\n",
       "      <td>0.839010</td>\n",
       "      <td>0.882053</td>\n",
       "      <td>0.895903</td>\n",
       "      <td>0.914376</td>\n",
       "      <td>0.943179</td>\n",
       "      <td>1.000000</td>\n",
       "      <td>0.955364</td>\n",
       "      <td>0.924118</td>\n",
       "    </tr>\n",
       "    <tr>\n",
       "      <th>dec10</th>\n",
       "      <td>0.572514</td>\n",
       "      <td>0.652839</td>\n",
       "      <td>0.745035</td>\n",
       "      <td>0.806914</td>\n",
       "      <td>0.843861</td>\n",
       "      <td>0.871384</td>\n",
       "      <td>0.894063</td>\n",
       "      <td>0.935495</td>\n",
       "      <td>0.955364</td>\n",
       "      <td>1.000000</td>\n",
       "      <td>0.901839</td>\n",
       "    </tr>\n",
       "    <tr>\n",
       "      <th>mkt</th>\n",
       "      <td>0.787308</td>\n",
       "      <td>0.855850</td>\n",
       "      <td>0.908226</td>\n",
       "      <td>0.937925</td>\n",
       "      <td>0.947184</td>\n",
       "      <td>0.946904</td>\n",
       "      <td>0.943825</td>\n",
       "      <td>0.939120</td>\n",
       "      <td>0.924118</td>\n",
       "      <td>0.901839</td>\n",
       "      <td>1.000000</td>\n",
       "    </tr>\n",
       "  </tbody>\n",
       "</table>\n",
       "</div>"
      ],
      "text/plain": [
       "           dec1      dec2      dec3      dec4      dec5      dec6      dec7  \\\n",
       "dec1   1.000000  0.863548  0.797197  0.743227  0.733293  0.714148  0.690902   \n",
       "dec2   0.863548  1.000000  0.899375  0.833527  0.830682  0.811542  0.772332   \n",
       "dec3   0.797197  0.899375  1.000000  0.881899  0.889676  0.865185  0.851908   \n",
       "dec4   0.743227  0.833527  0.881899  1.000000  0.905450  0.904247  0.891897   \n",
       "dec5   0.733293  0.830682  0.889676  0.905450  1.000000  0.927399  0.926907   \n",
       "dec6   0.714148  0.811542  0.865185  0.904247  0.927399  1.000000  0.931714   \n",
       "dec7   0.690902  0.772332  0.851908  0.891897  0.926907  0.931714  1.000000   \n",
       "dec8   0.648672  0.735696  0.819652  0.869005  0.899906  0.913946  0.925356   \n",
       "dec9   0.610570  0.694586  0.782041  0.839010  0.882053  0.895903  0.914376   \n",
       "dec10  0.572514  0.652839  0.745035  0.806914  0.843861  0.871384  0.894063   \n",
       "mkt    0.787308  0.855850  0.908226  0.937925  0.947184  0.946904  0.943825   \n",
       "\n",
       "           dec8      dec9     dec10       mkt  \n",
       "dec1   0.648672  0.610570  0.572514  0.787308  \n",
       "dec2   0.735696  0.694586  0.652839  0.855850  \n",
       "dec3   0.819652  0.782041  0.745035  0.908226  \n",
       "dec4   0.869005  0.839010  0.806914  0.937925  \n",
       "dec5   0.899906  0.882053  0.843861  0.947184  \n",
       "dec6   0.913946  0.895903  0.871384  0.946904  \n",
       "dec7   0.925356  0.914376  0.894063  0.943825  \n",
       "dec8   1.000000  0.943179  0.935495  0.939120  \n",
       "dec9   0.943179  1.000000  0.955364  0.924118  \n",
       "dec10  0.935495  0.955364  1.000000  0.901839  \n",
       "mkt    0.939120  0.924118  0.901839  1.000000  "
      ]
     },
     "execution_count": 13,
     "metadata": {},
     "output_type": "execute_result"
    }
   ],
   "source": [
    "df2"
   ]
  },
  {
   "cell_type": "code",
   "execution_count": 14,
   "metadata": {
    "collapsed": false
   },
   "outputs": [
    {
     "data": {
      "text/html": [
       "<div>\n",
       "<table border=\"1\" class=\"dataframe\">\n",
       "  <thead>\n",
       "    <tr style=\"text-align: right;\">\n",
       "      <th></th>\n",
       "      <th>mean</th>\n",
       "      <th>std</th>\n",
       "    </tr>\n",
       "  </thead>\n",
       "  <tbody>\n",
       "    <tr>\n",
       "      <th>dec1</th>\n",
       "      <td>0.931672</td>\n",
       "      <td>3.459633</td>\n",
       "    </tr>\n",
       "    <tr>\n",
       "      <th>dec2</th>\n",
       "      <td>0.887812</td>\n",
       "      <td>3.803136</td>\n",
       "    </tr>\n",
       "    <tr>\n",
       "      <th>dec3</th>\n",
       "      <td>0.953828</td>\n",
       "      <td>4.052993</td>\n",
       "    </tr>\n",
       "    <tr>\n",
       "      <th>dec4</th>\n",
       "      <td>1.032282</td>\n",
       "      <td>4.580554</td>\n",
       "    </tr>\n",
       "    <tr>\n",
       "      <th>dec5</th>\n",
       "      <td>0.913406</td>\n",
       "      <td>4.737556</td>\n",
       "    </tr>\n",
       "    <tr>\n",
       "      <th>dec6</th>\n",
       "      <td>0.996515</td>\n",
       "      <td>5.054574</td>\n",
       "    </tr>\n",
       "    <tr>\n",
       "      <th>dec7</th>\n",
       "      <td>0.883344</td>\n",
       "      <td>5.410477</td>\n",
       "    </tr>\n",
       "    <tr>\n",
       "      <th>dec8</th>\n",
       "      <td>1.021812</td>\n",
       "      <td>5.995303</td>\n",
       "    </tr>\n",
       "    <tr>\n",
       "      <th>dec9</th>\n",
       "      <td>0.994297</td>\n",
       "      <td>6.642066</td>\n",
       "    </tr>\n",
       "    <tr>\n",
       "      <th>dec10</th>\n",
       "      <td>0.982860</td>\n",
       "      <td>7.879422</td>\n",
       "    </tr>\n",
       "    <tr>\n",
       "      <th>mktrf</th>\n",
       "      <td>0.501406</td>\n",
       "      <td>4.427111</td>\n",
       "    </tr>\n",
       "    <tr>\n",
       "      <th>rf</th>\n",
       "      <td>0.393515</td>\n",
       "      <td>0.263740</td>\n",
       "    </tr>\n",
       "    <tr>\n",
       "      <th>mkt</th>\n",
       "      <td>0.894922</td>\n",
       "      <td>4.414528</td>\n",
       "    </tr>\n",
       "  </tbody>\n",
       "</table>\n",
       "</div>"
      ],
      "text/plain": [
       "           mean       std\n",
       "dec1   0.931672  3.459633\n",
       "dec2   0.887812  3.803136\n",
       "dec3   0.953828  4.052993\n",
       "dec4   1.032282  4.580554\n",
       "dec5   0.913406  4.737556\n",
       "dec6   0.996515  5.054574\n",
       "dec7   0.883344  5.410477\n",
       "dec8   1.021812  5.995303\n",
       "dec9   0.994297  6.642066\n",
       "dec10  0.982860  7.879422\n",
       "mktrf  0.501406  4.427111\n",
       "rf     0.393515  0.263740\n",
       "mkt    0.894922  4.414528"
      ]
     },
     "execution_count": 14,
     "metadata": {},
     "output_type": "execute_result"
    }
   ],
   "source": [
    "df3"
   ]
  },
  {
   "cell_type": "code",
   "execution_count": 15,
   "metadata": {
    "collapsed": true
   },
   "outputs": [],
   "source": [
    "#df.to_csv('temp3.csv')"
   ]
  },
  {
   "cell_type": "code",
   "execution_count": 17,
   "metadata": {
    "collapsed": true
   },
   "outputs": [],
   "source": [
    "df4 = pd.read_csv('temp3.csv')"
   ]
  },
  {
   "cell_type": "code",
   "execution_count": 18,
   "metadata": {
    "collapsed": false
   },
   "outputs": [
    {
     "data": {
      "text/html": [
       "<div>\n",
       "<table border=\"1\" class=\"dataframe\">\n",
       "  <thead>\n",
       "    <tr style=\"text-align: right;\">\n",
       "      <th></th>\n",
       "      <th>Unnamed: 0</th>\n",
       "      <th>month</th>\n",
       "      <th>1-Dec</th>\n",
       "      <th>2-Dec</th>\n",
       "      <th>3-Dec</th>\n",
       "      <th>4-Dec</th>\n",
       "      <th>5-Dec</th>\n",
       "      <th>6-Dec</th>\n",
       "      <th>7-Dec</th>\n",
       "      <th>8-Dec</th>\n",
       "      <th>9-Dec</th>\n",
       "      <th>10-Dec</th>\n",
       "      <th>mkt</th>\n",
       "      <th>rf</th>\n",
       "      <th>p</th>\n",
       "      <th>p-rf</th>\n",
       "    </tr>\n",
       "  </thead>\n",
       "  <tbody>\n",
       "    <tr>\n",
       "      <th>0</th>\n",
       "      <td>0</td>\n",
